1
2
3
4
5
6
7
8
9
10
11
12
15
16
18
19
22
23
24
25
26
27
28
29
32
33
34
35
36
37
41
43
44
45
46
47
48
50
53
54
55
56
57
58
59
60
61
62
64
65
66
67
68
70
72
73
74
75
76
77
79
80
81
83
84
86
87
88
89
90
91
92
94
95
96
97
98
99
100
101
102
103
104
107
108
109
110
111
112
114
115
116
118
120
121
122
124
125
127
128
129
132
133
134
135
137
138
139
141
143
145
146
148
149
150
152
153
154
156
157
158
160
162
163
165
166
168
169
170
171
173
174
175
176
177
178
180
181
183
184
185
186
187
188
189
190
191
192
193
194
195
197
198
199
200
201
203
204
205
206
207
208
211
212
213
216
217
218
219
220
221
224
225
226
227
228
229
230
232
235
239
241
242
243
246
248
249
252
253
254
255
256
259
260
261
263
264
267
268
271
272
273
274
276
277
278
279
280
283
284
285
286
288
289
290
293
296
297
298
299
303
305
306
308
309
311
312
314
315
318
319
320
322
324
325
327
328
329
330
332
334
335
336
337
338
339
340
341
342
343
344
345
346
347
350
351
356
358
359
360
361
363
367
369
370
371
372
373
375
377
378
379
380
383
384
385
386
387
390
391
392
393
394
395
396
399
401
402
403
404
406
408
409
411
412
415
417
418
419
421
422
423
424
425
429
430
433
434
436
437
438
440
441
442
443
444
445
447
448
450
451
452
453
454
455
457
459
460
461
462
463
464
465
466
468
469
470
471
472
473
474
475
476
477
483
484
485
487
489
490
493
494
495
496
497
498
499
500
501
502
504
505
507
510
511
512
514
515
517
519
520
521
522
523
524
525
526
528
529
530
531
533
534
536
537
539
540
544
546
547
548
549
550
552
553
554
555
556
558
559
562
563
564
565
566
569
570
573
576
578
579
581
584
586
587
588
589
590
591
592
593
595
596
598
600
601
604
605
607
608
609
611
612
613
614
615
617
621
622
623
624
626
627
628
629
630
631
633
636
637
639
641
642
643
644
645
647
649
650
652
653
654
655
656
658
659
660
661
666
667
668
669
670
673
675
676
677
679
680
681
682
683
684
685
687
689
692
694
695
696
697
698
699
700
701
703
704
705
706
707
708
709
711
713
715
716
717
718
719
720
721
723
724
725
726
728
731
732
734
735
736
737
738
739
740
741
742
744
745
746
747
748
749
750
751
753
756
757
760
761
762
763
765
766
767
768
770
771
773
774
775
776
777
780
781
782
786
789
790
791
793
794
795
797
798
799
800
801
802
804
806
807
811
813
814
816
817
818
819
821
825
826
827
828
830
832
833
834
835
836
837
838
839
840
841
842
843
844
845
846
847
848
854
857
860
861
863
865
866
867
868
870
871
872
874
875
876
877
878
879
880
881
882
884
885
888
889
893
895
896
897
898
899
900
901
903
904
906
907
909
910
911
912
915
916
919
921
922
923
924
926
927
928
929
930
932
933
934
935
936
940
943
946
947
948
949
950
951
953
954
955
957
959
960
961
962
963
964
965
966
967
968
970
971
973
976
977
978
979
980
981
982
984
986
988
989
993
995
996
997
999
1000
1001
1002
1004
1006
1007
1008
1009
1011
1013
1014
1017
1018
1019
1020
1021
1022
1023
1024
1025
1026
1027
1033
1034
1035
1036
1037
1038
1039
1040
1041
1042
1043
1044
1045
1046
1050
1051
1052
1055
1056
1059
1060
1061
1062
1063
1064
1065
1066
1067
1068
1069
1070
1071
1072
1073
1074
1076
1077
1078
1079
1081
1082
1083
1085
1086
1087
1088
1089
1090
1091
1092
1093
1094
1095
1096
1097
1098
1099
1100
1101
1102
1103
1104
1105
1106
1107
1108
1109
1110
1111
1112
1113
1114
1115
1117
1120
1121
1122
1123
1125
1127
1128
1130
1131
1132
1133
1134
1136
1137
1138
1139
1140
1141
1142
1143
1147
1149
1151
1152
1153
1154
1155
1156
1160
1161
1162
1163
1164
1166
1168
1169
1170
1171
1172
1173
1174
1175
1176
1177
1178
1179
1180
1181
1182
1183
1184
1185
1186
1187
1188
1189
1190
1191
1192
1194
1195
1196
1197
1198
1199
1200
1201
1202
1203
